A =[
    0 0 1 1 1 0 ...
    0 1 0 0 1 0 ...
    0 1 1 1 1 0 ...
    0 1 0 0 1 0 ...
    0 1 0 0 1 0 ...
    0 0 0 0 0 0]';

AA =[
    0 0 1 1 1 0 ...
    0 1 0 0 1 0 ...
    0 1 1 1 1 0 ...
    0 1 0 0 1 0 ...
    0 1 0 0 1 0 ...
    0 1 0 0 0 0]';

B =[
    1 1 1 1 1 0 ...
    1 0 0 0 0 1 ...
    1 0 0 0 1 1 ...
    1 0 0 0 0 1 ...
    1 0 0 0 0 1 ...
    1 1 1 1 1 1]';

C =[
    0 0 0 0 0 0 ...
    0 1 1 1 1 0 ...
    1 0 0 0 0 0 ...
    1 0 0 0 0 0 ...
    1 0 0 0 0 1 ...
    0 1 1 1 1 0]';

CC =[
    0 0 1 1 0 0 ...
    0 1 1 1 1 0 ...
    1 0 0 0 0 0 ...
    1 0 0 0 0 0 ...
    1 0 0 0 0 1 ...
    0 1 1 1 1 0]';
    
D =[
    0 1 1 1 1 0 ...
    0 1 0 0 0 1 ...
    0 1 0 0 0 1 ...
    0 1 0 0 0 1 ...
    0 1 0 0 0 1 ...
    0 1 1 1 1 0]';

E =[
    1 1 1 1 1 1 ...
    1 0 0 0 0 0 ...
    1 1 1 1 1 1 ...
    1 0 0 0 0 0 ...
    1 1 1 1 1 1 ...
    0 0 0 0 0 0]';

EE =[
    1 1 1 1 1 1 ...
    1 0 0 0 0 0 ...
    1 1 1 1 1 1 ...
    1 0 0 0 0 0 ...
    1 1 1 1 1 1 ...
    0 1 0 0 0 0]';
    
F =[
    1 1 1 1 1 1 ...
    1 0 0 0 0 0 ...
    1 1 1 1 1 1 ...
    1 0 0 0 0 0 ...
    1 0 0 0 0 0 ...
    1 0 0 0 0 0]';
    
G =[
    0 1 1 1 1 0 ...
    1 0 0 0 0 1 ...
    1 0 0 0 0 0 ...
    1 0 0 1 1 1 ...
    1 0 0 0 0 1 ...
    0 1 1 1 1 0]';

H =[
    1 0 0 0 0 1 ...
    1 0 0 0 0 1 ...
    1 1 1 1 1 1 ...
    1 0 0 0 0 1 ...
    1 0 0 0 0 1 ...
    1 0 0 0 0 1]';
    
I =[
    1 1 1 1 1 1 ...
    0 0 1 1 0 0 ...
    0 0 1 1 0 0 ...
    0 0 1 1 0 0 ...
    0 0 1 1 0 0 ...
    1 1 1 1 1 1]';
    
J =[
    1 1 1 1 1 1 ...
    0 0 1 1 0 0 ...
    0 0 1 1 0 0 ...
    0 0 1 1 0 0 ...
    0 0 1 1 0 0 ...
    1 1 1 0 0 0]';
    
K =[
    1 1 0 1 0 0 ...
    1 0 1 0 0 0 ...
    1 1 0 0 0 0 ...
    1 0 1 0 0 0 ...
    1 0 0 1 0 0 ...
    1 0 0 0 1 0]';

L =[
    1 0 0 0 0 0 ...
    1 0 0 0 0 0 ...
    1 0 0 0 0 0 ...
    1 0 0 0 0 0 ...
    1 0 0 0 0 0 ...
    1 1 1 1 1 1]';
    
LL =[
    1 0 0 0 0 0 ...
    1 0 0 0 0 0 ...
    1 0 1 0 0 0 ...
    1 1 0 0 0 0 ...
    1 0 0 0 0 0 ...
    1 1 1 1 1 1]';


M =[
     1 0 0 0 0 1 ...
     1 1 0 0 1 1 ...
     1 0 1 1 0 1 ...
     1 0 0 0 0 1 ...
     1 0 0 0 0 1 ...
     1 0 0 0 0 1]';
     
     
N =[
     1 0 0 0 0 1 ...
     1 1 0 0 0 1 ...
     1 0 1 0 0 1 ...
     1 0 0 1 0 1 ...
     1 0 0 0 1 1 ...
     1 0 0 0 0 1]';
     
NN =[
     1 0 1 1 0 1 ...
     1 1 0 0 0 1 ...
     1 0 1 0 0 1 ...
     1 0 0 1 0 1 ...
     1 0 0 0 1 1 ...
     1 0 0 0 0 1]';
 
O =[
    0 0 0 0 0 0 ...
    0 1 1 1 1 0 ...
    1 0 0 0 0 1 ...
    1 0 0 0 0 1 ...
    1 0 0 0 0 1 ...
    0 1 1 1 1 0]';
 
OO =[
    0 0 0 1 0 0 ...
    0 1 1 1 1 0 ...
    1 0 0 0 0 1 ...
    1 0 0 0 0 1 ...
    1 0 0 0 0 1 ...
    0 1 1 1 1 0]';

P =[
    1 1 1 0 0 0 ...
    1 0 0 1 0 0 ...
    1 0 1 0 0 0 ...
    1 1 0 0 0 0 ...
    1 0 0 0 0 0 ...
    1 0 0 0 0 0]';

R =[
    1 1 1 0 0 0 ...
    1 0 0 1 0 0 ...
    1 0 1 0 0 0 ...
    1 1 0 1 0 0 ...
    1 0 0 0 1 0 ...
    1 0 0 0 0 1]';

S =[
    0 0 0 0 0 0 ...
    0 1 1 1 0 0 ...
    0 0 1 0 0 0 ...
    0 0 0 1 0 0 ...
    0 0 0 0 1 0 ...
    0 1 1 0 0 0]';

SS =[
    0 0 1 1 0 0 ...
    0 1 1 1 0 0 ...
    0 0 1 0 0 0 ...
    0 0 0 1 0 0 ...
    0 0 0 0 1 0 ...
    0 1 1 0 0 0]';

T =[
    1 1 1 1 1 1 ...
    0 0 1 1 0 0 ...
    0 0 1 1 0 0 ...
    0 0 1 1 0 0 ...
    0 0 1 1 0 0 ...
    0 0 1 1 0 0]';

U =[
    1 0 0 0 0 1 ...
    1 0 0 0 0 1 ...
    1 0 0 0 0 1 ...
    1 0 0 0 0 1 ...
    0 1 0 0 1 0 ...
    0 0 1 1 0 0]';

W =[
    1 0 0 0 0 1 ...
    1 0 0 0 0 1 ...
    1 0 0 0 0 1 ...
    1 0 0 1 0 1 ...
    0 1 0 1 0 1 ...
    0 0 1 0 1 0]';

Y =[
    1 0 0 0 0 1 ...
    0 1 0 0 1 0 ...
    0 0 1 1 0 0 ...
    0 0 1 1 0 0 ...
    0 0 1 1 0 0 ...
    1 1 1 1 1 1]';

Z =[
    0 0 0 0 0 0 ...
    0 0 0 0 0 0 ...
    0 1 1 1 1 0 ...
    0 0 0 1 0 0 ...
    0 0 1 0 0 0 ...
    0 1 1 1 1 0]';
    
ZZ =[
    0 0 1 1 0 0 ...
    0 0 0 0 0 0 ...
    0 1 1 1 1 0 ...
    0 0 0 1 0 0 ...
    0 0 1 0 0 0 ...
    0 1 1 1 1 0]';
    
ZZZ =[
    0 0 0 1 0 0 ...
    0 0 1 0 0 0 ...
    0 1 1 1 1 0 ...
    0 0 0 1 0 0 ...
    0 0 1 0 0 0 ...
    0 1 1 1 1 0]';
    
ZERO =[
   1 1 1 1 1 1 ...
   1 0 0 0 0 1 ...
   1 0 0 0 0 1 ...
   1 0 0 0 0 1 ...
   1 0 0 0 0 1 ...
   0 1 1 1 1 0]';

JEDEN =[
   1 1 1 1 0 0 ...
   0 0 1 1 0 0 ...
   0 0 1 1 0 0 ...
   0 0 1 1 0 0 ...
   0 0 1 1 0 0 ...
   1 1 1 1 1 1]';

DWA =[
   0 0 0 0 0 0 ...
   0 0 1 1 0 0 ...
   0 1 0 0 1 0 ...
   0 0 0 1 0 0 ...
   0 0 1 0 0 0 ...
   0 1 1 1 1 0]';

TRZY =[
   0 0 1 1 0 0 ...
   0 1 0 0 1 0 ...
   0 0 0 1 0 0 ...
   0 0 0 0 1 0 ...
   0 0 0 1 0 0 ...
   0 1 1 1 0 0]';

CZTE =[
   1 0 0 0 0 1 ...
   1 0 0 0 0 1 ...
   1 0 0 0 0 1 ...
   0 1 1 1 1 1 ...
   0 0 0 0 0 1 ...
   0 0 0 0 0 1]';

PIEC =[
   1 1 1 1 1 1 ...
   1 0 0 0 0 0 ...
   1 0 0 0 0 0 ...
   0 1 1 1 1 0 ...
   0 0 0 0 1 1 ...
   1 1 1 1 1 0]';

SZESC =[
   0 1 1 1 1 0 ...
   1 0 0 0 0 1 ...
   1 0 0 0 0 1 ...
   1 1 1 1 0 0 ...
   1 0 0 0 1 0 ...
   0 1 1 1 0 0]';
   
SIED =[
   1 1 1 1 1 1 ...
   0 0 0 0 0 1 ...
   0 0 0 0 0 1 ...
   0 1 1 1 1 1 ...
   0 0 0 0 0 1 ...
   0 0 0 0 0 1]';
   
OSIEM =[
   0 1 1 1 1 0 ...
   1 0 0 0 0 1 ...
   0 1 1 1 1 0 ...
   1 0 0 0 0 1 ...
   1 0 0 0 0 1 ...
   0 1 1 1 1 0]';
   
DZIEW =[
   0 1 1 1 1 1 ...
   1 0 0 0 0 1 ...
   1 0 0 0 0 1 ...
   0 1 1 1 1 0 ...
   0 0 0 0 0 1 ...
   1 1 1 1 1 1]';
 

cos = EE;

WZZ =[A AA B C CC D E EE F G H I J K L LL M N NN O OO P R S SS T U W Y Z ZZ ZZZ];

Nazwa =
['A';'?';'B';'C';'?';'D';'E';'?';'F';'G';'H';'I';'J';'K';'L';'?';'M';'N';'?
';'O';'?';'P';'R';'S';'?';'T';'U';'W';'Y';'Z';'?';'?'];
title(['A', Nazwa(A)]);
title(['?', Nazwa(AA)]);
title(['B', Nazwa(B)]);
title(['C', Nazwa(C)]);
title(['?', Nazwa(CC)]);
title(['D', Nazwa(D)]);
title(['E', Nazwa(E)]);
title(['?', Nazwa(EE)]);
title(['F', Nazwa(F)]);
title(['G', Nazwa(G)]);
title(['H', Nazwa(I)]);
title(['J', Nazwa(J)]);
title(['K', Nazwa(K)]);
title(['L', Nazwa(L)]);
title(['?', Nazwa(LL)]);
title(['M', Nazwa(M)]);
title(['N', Nazwa(N)]);
title(['?', Nazwa(NN)]);
title(['O', Nazwa(O)]);
title(['?', Nazwa(OO)]);
title(['P', Nazwa(P)]);
title(['R', Nazwa(R)]);
title(['S', Nazwa(S)]);
title(['?', Nazwa(SS)]);
title(['T', Nazwa(T)]);
title(['U', Nazwa(U)]);
title(['W', Nazwa(W)]);
title(['Z', Nazwa(Z)]);
title(['?', Nazwa(ZZ)]);
title(['?', Nazwa(ZZZ)]);
title(['0', Nazwa(ZERO)]);
title(['1', Nazwa(JEDEN)]);
title(['2', Nazwa(DWA)]);
title(['3', Nazwa(TRZY)]);
title(['4', Nazwa(CZTE)]);
title(['5', Nazwa(PIEC)]);
title(['6', Nazwa(SZESC)]);
title(['7', Nazwa(SIED)]);
title(['8', Nazwa(OSIEM)]);
title(['9', Nazwa(DZIEW)]);

for k=1:1:20 %tutaj musi byc liczba wszystkich ww macierzy
    for z=1:1:4
        cos = WZZ(:,z);
        for n=1:1:18 %bo mamy 50 procent zaszumienia
                     %a 50 procent z 36 to 18
            ind = randperm(36); %bo mamy 6*6 znakow=36
                                %randperm - losowanie liczb
            cos(ind(1))= ~cos(ind(1));
            for i=1:1:4 %pierdol to
                g(i) = 2*WZZ(:,i)'*cos - WZZ(:,i)'*WZZ(:,i); %patrz wzor
            end
            [maxx, ind] = max(g)
            cos = WZZ(:,z);
        end
    end
end
